2.0794415416798357
3.295836866004329
3.295836866004329
3.295836866004329
3.295836866004329
2.0794415416798357
3.295836866004329
3.295836866004329
3.295836866004329
3.295836866004329
2.0794415416798357
3.295836866004329
3.295836866004329
3.295836866004329
3.295836866004329
2.0794415416798357
2.0794415416798357
3.295836866004329
3.295836866004329
3.295836866004329
3.295836866004329
2.0794415416798357
3.295836866004329
3.295836866004329
3.295836866004329
3.295836866004329
2.0794415416798357
3.295836866004329
3.295836866004329
3.295836866004329
3.295836866004329
2.0794415416798357
2.0794415416798357
2.0794415416798357
2.0794415416798357
2.0794415416798357
2.0794415416798357
3.295836866004329
3.295836866004329
3.295836866004329
3.295836866004329
3.295836866004329
3.295836866004329
3.295836866004329
3.295836866004329
3.295836866004329
3.295836866004329
2.0794415416798357
2.0794415416798357
2.0794415416798357
2.0794415416798357
2.0794415416798357
6.238324625039508
6.238324625039508
6.238324625039508
6.238324625039508
5.0875963352323845
5.0875963352323845
5.0875963352323845
5.0875963352323845
3.9889840465642745
0.0
