7.624618986159398
6.238324625039508
9.433483923290392
9.433483923290392
8.317766166719343
9.433483923290392
10.349774655164547
10.349774655164547
6.238324625039508
6.238324625039508
3.295836866004329
3.295836866004329
2.0794415416798357
3.295836866004329
11.443703995928276
11.443703995928276
10.349774655164547
11.443703995928276
10.349774655164547
10.349774655164547
11.090354888959125
11.443703995928276
11.443703995928276
10.349774655164547
10.349774655164547
10.349774655164547
12.652359748158593
11.443703995928276
10.349774655164547
10.349774655164547
9.010913347279288
10.349774655164547
11.443703995928276
11.443703995928276
12.652359748158593
11.443703995928276
11.443703995928276
13.928610645716276
10.349774655164547
10.349774655164547
9.433483923290392
3.295836866004329
11.443703995928276
11.443703995928276
10.349774655164547
3.295836866004329
9.433483923290392
11.443703995928276
11.443703995928276
10.349774655164547
10.349774655164547
10.349774655164547
6.238324625039508
6.238324625039508
3.295836866004329
3.295836866004329
2.0794415416798357
3.295836866004329
11.443703995928276
11.443703995928276
6.238324625039508
7.624618986159398
9.433483923290392
9.433483923290392
8.317766166719343
9.433483923290392
10.349774655164547
10.349774655164547
10.349774655164547
11.443703995928276
10.349774655164547
10.349774655164547
12.652359748158593
11.443703995928276
11.443703995928276
10.349774655164547
10.349774655164547
10.349774655164547
11.090354888959125
11.443703995928276
10.349774655164547
10.349774655164547
9.010913347279288
10.349774655164547
11.443703995928276
11.443703995928276
13.928610645716276
11.443703995928276
11.443703995928276
12.652359748158593
10.349774655164547
10.349774655164547
9.433483923290392
3.295836866004329
11.443703995928276
11.443703995928276
10.349774655164547
3.295836866004329
9.433483923290392
11.443703995928276
11.443703995928276
10.349774655164547
10.349774655164547
10.349774655164547
8.317766166719343
2.0794415416798357
10.349774655164547
10.349774655164547
9.010913347279288
10.349774655164547
11.443703995928276
11.443703995928276
2.0794415416798357
8.317766166719343
10.349774655164547
10.349774655164547
9.010913347279288
10.349774655164547
11.443703995928276
11.443703995928276
9.010913347279288
9.010913347279288
10.349774655164547
10.349774655164547
9.433483923290392
3.295836866004329
10.349774655164547
10.349774655164547
10.349774655164547
3.295836866004329
9.433483923290392
10.349774655164547
10.349774655164547
10.349774655164547
10.349774655164547
10.349774655164547
7.624618986159398
6.238324625039508
9.433483923290392
9.433483923290392
8.317766166719343
6.238324625039508
6.238324625039508
3.295836866004329
2.0794415416798357
11.443703995928276
11.443703995928276
11.443703995928276
11.443703995928276
10.349774655164547
10.349774655164547
10.349774655164547
10.349774655164547
10.349774655164547
10.349774655164547
11.090354888959125
10.349774655164547
10.349774655164547
12.652359748158593
10.349774655164547
9.010913347279288
6.238324625039508
6.238324625039508
3.295836866004329
2.0794415416798357
6.238324625039508
7.624618986159398
9.433483923290392
9.433483923290392
8.317766166719343
11.443703995928276
11.443703995928276
11.443703995928276
11.443703995928276
10.349774655164547
10.349774655164547
10.349774655164547
10.349774655164547
10.349774655164547
10.349774655164547
12.652359748158593
10.349774655164547
10.349774655164547
11.090354888959125
10.349774655164547
9.010913347279288
10.349774655164547
10.349774655164547
10.349774655164547
10.349774655164547
8.317766166719343
2.0794415416798357
10.349774655164547
10.349774655164547
9.010913347279288
2.0794415416798357
8.317766166719343
10.349774655164547
10.349774655164547
9.010913347279288
9.010913347279288
9.010913347279288
6.473890696352274
5.0875963352323845
8.317766166719343
8.317766166719343
6.87935580446044
8.317766166719343
9.010913347279288
9.010913347279288
5.0875963352323845
5.0875963352323845
3.295836866004329
3.295836866004329
2.0794415416798357
3.295836866004329
10.349774655164547
10.349774655164547
9.010913347279288
10.349774655164547
9.010913347279288
9.010913347279288
9.076580381796658
10.349774655164547
10.349774655164547
9.010913347279288
9.010913347279288
9.010913347279288
11.090354888959125
10.349774655164547
9.010913347279288
9.010913347279288
7.284820912568604
9.010913347279288
10.349774655164547
10.349774655164547
11.090354888959125
10.349774655164547
10.349774655164547
12.652359748158593
9.010913347279288
9.010913347279288
8.317766166719343
3.295836866004329
10.349774655164547
10.349774655164547
9.010913347279288
3.295836866004329
8.317766166719343
10.349774655164547
10.349774655164547
9.010913347279288
9.010913347279288
9.010913347279288
5.0875963352323845
5.0875963352323845
3.295836866004329
3.295836866004329
2.0794415416798357
3.295836866004329
10.349774655164547
10.349774655164547
5.0875963352323845
6.473890696352274
8.317766166719343
8.317766166719343
6.87935580446044
8.317766166719343
9.010913347279288
9.010913347279288
9.010913347279288
10.349774655164547
9.010913347279288
9.010913347279288
11.090354888959125
10.349774655164547
10.349774655164547
9.010913347279288
9.010913347279288
9.010913347279288
9.076580381796658
10.349774655164547
9.010913347279288
9.010913347279288
7.284820912568604
9.010913347279288
10.349774655164547
10.349774655164547
12.652359748158593
10.349774655164547
10.349774655164547
11.090354888959125
9.010913347279288
9.010913347279288
8.317766166719343
3.295836866004329
10.349774655164547
10.349774655164547
9.010913347279288
3.295836866004329
8.317766166719343
10.349774655164547
10.349774655164547
9.010913347279288
9.010913347279288
9.010913347279288
6.87935580446044
2.0794415416798357
9.010913347279288
9.010913347279288
7.284820912568604
9.010913347279288
10.349774655164547
10.349774655164547
2.0794415416798357
6.87935580446044
9.010913347279288
9.010913347279288
7.284820912568604
9.010913347279288
10.349774655164547
10.349774655164547
7.284820912568604
7.284820912568604
9.010913347279288
9.010913347279288
8.317766166719343
3.295836866004329
9.010913347279288
9.010913347279288
9.010913347279288
3.295836866004329
8.317766166719343
9.010913347279288
9.010913347279288
9.010913347279288
9.010913347279288
9.010913347279288
6.473890696352274
5.0875963352323845
8.317766166719343
8.317766166719343
6.87935580446044
5.0875963352323845
5.0875963352323845
3.295836866004329
2.0794415416798357
10.349774655164547
10.349774655164547
10.349774655164547
10.349774655164547
9.010913347279288
9.010913347279288
9.010913347279288
9.010913347279288
9.010913347279288
9.010913347279288
9.076580381796658
9.010913347279288
9.010913347279288
11.090354888959125
9.010913347279288
7.284820912568604
5.0875963352323845
5.0875963352323845
3.295836866004329
2.0794415416798357
5.0875963352323845
6.473890696352274
8.317766166719343
8.317766166719343
6.87935580446044
10.349774655164547
10.349774655164547
10.349774655164547
10.349774655164547
9.010913347279288
9.010913347279288
9.010913347279288
9.010913347279288
9.010913347279288
9.010913347279288
11.090354888959125
9.010913347279288
9.010913347279288
9.076580381796658
9.010913347279288
7.284820912568604
9.010913347279288
9.010913347279288
9.010913347279288
9.010913347279288
6.87935580446044
2.0794415416798357
9.010913347279288
9.010913347279288
7.284820912568604
2.0794415416798357
6.87935580446044
9.010913347279288
9.010913347279288
7.284820912568604
7.284820912568604
7.284820912568604
7.6246189861593985
2.0794415416798357
8.740336742730447
3.295836866004329
10.349774655164547
8.740336742730447
11.042921835724492
10.349774655164547
10.349774655164547
3.295836866004329
5.0875963352323845
9.010913347279288
10.349774655164547
8.740336742730447
3.295836866004329
8.740336742730447
3.295836866004329
7.6246189861593985
2.0794415416798357
10.349774655164547
8.740336742730447
9.704060527839234
9.010913347279288
10.349774655164547
3.295836866004329
5.0875963352323845
10.349774655164547
10.349774655164547
8.740336742730447
3.295836866004329
8.740336742730447
3.295836866004329
8.740336742730447
3.295836866004329
7.6246189861593985
2.0794415416798357
8.740336742730447
3.295836866004329
10.349774655164547
8.740336742730447
11.042921835724492
10.349774655164547
10.349774655164547
3.295836866004329
5.0875963352323845
9.010913347279288
10.349774655164547
10.349774655164547
8.740336742730447
9.704060527839234
9.010913347279288
10.349774655164547
3.295836866004329
5.0875963352323845
10.349774655164547
10.349774655164547
8.740336742730447
3.295836866004329
7.6246189861593985
2.0794415416798357
10.349774655164547
10.349774655164547
10.349774655164547
9.010913347279288
10.349774655164547
10.349774655164547
9.010913347279288
10.349774655164547
10.349774655164547
10.349774655164547
10.349774655164547
10.349774655164547
10.349774655164547
9.010913347279288
10.349774655164547
10.349774655164547
9.010913347279288
10.349774655164547
10.349774655164547
10.349774655164547
10.349774655164547
10.349774655164547
10.349774655164547
9.010913347279288
10.349774655164547
10.349774655164547
9.010913347279288
10.349774655164547
10.349774655164547
10.349774655164547
10.349774655164547
10.349774655164547
10.349774655164547
9.010913347279288
10.349774655164547
10.349774655164547
9.010913347279288
10.349774655164547
10.349774655164547
10.349774655164547
9.010913347279288
9.010913347279288
9.010913347279288
7.284820912568604
9.010913347279288
9.010913347279288
7.284820912568604
9.010913347279288
9.010913347279288
9.010913347279288
9.010913347279288
9.010913347279288
9.010913347279288
7.284820912568604
9.010913347279288
9.010913347279288
7.284820912568604
9.010913347279288
9.010913347279288
9.010913347279288
10.349774655164547
10.349774655164547
10.349774655164547
9.010913347279288
10.349774655164547
10.349774655164547
9.010913347279288
10.349774655164547
10.349774655164547
10.349774655164547
10.349774655164547
10.349774655164547
10.349774655164547
9.010913347279288
10.349774655164547
10.349774655164547
10.349774655164547
10.349774655164547
9.010913347279288
10.349774655164547
10.349774655164547
10.349774655164547
10.349774655164547
10.349774655164547
10.349774655164547
10.349774655164547
10.349774655164547
9.010913347279288
10.349774655164547
10.349774655164547
9.010913347279288
10.349774655164547
10.349774655164547
10.349774655164547
10.349774655164547
10.349774655164547
10.349774655164547
9.010913347279288
10.349774655164547
10.349774655164547
10.349774655164547
10.349774655164547
9.010913347279288
10.349774655164547
10.349774655164547
10.349774655164547
10.349774655164547
10.349774655164547
10.349774655164547
10.349774655164547
10.349774655164547
9.010913347279288
10.349774655164547
10.349774655164547
9.010913347279288
10.349774655164547
10.349774655164547
10.349774655164547
10.349774655164547
10.349774655164547
10.349774655164547
9.010913347279288
10.349774655164547
10.349774655164547
10.349774655164547
10.349774655164547
9.010913347279288
10.349774655164547
10.349774655164547
10.349774655164547
10.349774655164547
10.349774655164547
9.010913347279288
9.010913347279288
9.010913347279288
7.284820912568604
9.010913347279288
9.010913347279288
7.284820912568604
9.010913347279288
9.010913347279288
9.010913347279288
9.010913347279288
9.010913347279288
9.010913347279288
7.284820912568604
9.010913347279288
9.010913347279288
9.010913347279288
9.010913347279288
7.284820912568604
9.010913347279288
9.010913347279288
9.010913347279288
9.010913347279288
9.010913347279288
4.394449154672439
0.0
6.1862086239004945
3.295836866004329
3.295836866004329
0.0
7.6246189861593985
3.295836866004329
7.6246189861593985
3.295836866004329
7.6246189861593985
7.6246189861593985
7.6246189861593985
10.39720770839918
10.39720770839918
2.0794415416798357
0.0
7.6246189861593985
7.6246189861593985
0.0
2.0794415416798357
7.6246189861593985
10.39720770839918
10.39720770839918
7.6246189861593985
7.6246189861593985
0.0
6.1862086239004945
2.0794415416798357
7.6246189861593985
7.6246189861593985
0.0
7.6246189861593985
2.0794415416798357
7.6246189861593985
2.0794415416798357
6.238324625039508
0.0
6.238324625039508
0.0
6.238324625039508
0.0
6.238324625039508
0.0
10.349774655164547
10.349774655164547
10.349774655164547
9.010913347279288
10.349774655164547
10.349774655164547
9.010913347279288
10.349774655164547
10.349774655164547
10.349774655164547
10.349774655164547
10.349774655164547
10.349774655164547
9.010913347279288
10.349774655164547
10.349774655164547
10.349774655164547
10.349774655164547
9.010913347279288
10.349774655164547
10.349774655164547
13.568650480032748
13.568650480032748
10.349774655164547
10.349774655164547
10.349774655164547
10.349774655164547
10.349774655164547
9.010913347279288
10.349774655164547
10.349774655164547
9.010913347279288
10.349774655164547
10.349774655164547
10.349774655164547
10.349774655164547
10.349774655164547
10.349774655164547
9.010913347279288
10.349774655164547
10.349774655164547
10.349774655164547
10.349774655164547
9.010913347279288
10.349774655164547
10.349774655164547
13.568650480032748
13.568650480032748
10.349774655164547
10.349774655164547
10.349774655164547
10.349774655164547
10.349774655164547
9.010913347279288
10.349774655164547
10.349774655164547
9.010913347279288
10.349774655164547
10.349774655164547
10.349774655164547
10.349774655164547
10.349774655164547
10.349774655164547
9.010913347279288
10.349774655164547
10.349774655164547
10.349774655164547
10.349774655164547
9.010913347279288
10.349774655164547
10.349774655164547
13.568650480032748
13.568650480032748
10.349774655164547
10.349774655164547
9.010913347279288
9.010913347279288
9.010913347279288
7.284820912568604
9.010913347279288
9.010913347279288
7.284820912568604
9.010913347279288
9.010913347279288
9.010913347279288
9.010913347279288
9.010913347279288
9.010913347279288
7.284820912568604
9.010913347279288
9.010913347279288
9.010913347279288
9.010913347279288
7.284820912568604
9.010913347279288
9.010913347279288
11.78350206951907
11.78350206951907
9.010913347279288
9.010913347279288
4.394449154672439
0.0
6.1862086239004945
3.295836866004329
0.0
3.295836866004329
7.6246189861593985
3.295836866004329
7.6246189861593985
3.295836866004329
7.6246189861593985
7.6246189861593985
0.0
6.1862086239004945
2.0794415416798357
7.6246189861593985
10.39720770839918
10.39720770839918
2.0794415416798357
7.6246189861593985
2.0794415416798357
7.6246189861593985
2.0794415416798357
7.6246189861593985
7.6246189861593985
7.6246189861593985
10.39720770839918
10.39720770839918
0.0
2.0794415416798357
7.6246189861593985
7.6246189861593985
0.0
0.0
7.6246189861593985
7.6246189861593985
