258
259
262
264
265
266
268
269
271
274
275
277
278
280
281
282
284
285
287
290
291
293
294
296
297
298
302
303
305
306
307
308
309
310
314
315
316
317
318
319
322
323
325
326
328
329
330
332
333
335
337
338
339
340
341
342
343
344
345
346
347
348
349
350
351
354
355
357
358
359
360
361
362
365
366
367
369
370
371
372
373
374
377
378
379
380
381
382
383
385
386
387
388
389
390
392
393
394
395
396
397
398
399
400
401
402
403
404
405
406
407
408
409
410
411
412
413
414
415
418
419
421
422
423
424
425
426
428
429
430
431
434
435
437
438
440
441
442
444
445
447
449
450
451
452
453
456
457
458
459
460
461
462
463
464
465
467
468
469
470
472
473
474
475
476
477
478
479
482
483
485
486
488
489
490
492
493
495
497
499
500
501
504
505
507
508
509
510
511
596
597
600
602
603
604
605
607
612
615
618
619
620
621
622
623
624
625
627
632
633
636
638
639
640
641
644
645
647
650
652
653
656
658
660
661
664
665
667
677
682
683
684
685
687
692
698
700
702
703
704
705
707
712
713
715
718
720
727
732
733
735
738
740
747
752
753
754
755
756
757
758
759
760
761
762
763
764
765
766
767
768
769
770
771
772
773
774
775
776
777
778
779
780
781
782
783
784
785
786
787
788
789
790
791
792
793
794
795
796
797
798
799
800
801
802
803
804
805
806
807
808
809
810
811
812
813
814
815
816
817
818
819
820
821
822
823
824
825
826
827
828
829
830
831
912
914
916
917
919
921
922
923
924
925
926
927
928
929
930
932
934
936
937
938
939
940
941
942
943
944
945
946
947
948
949
950
951
952
953
954
956
957
958
959
960
961
962
963
964
965
966
968
970
971
972
973
974
976
977
978
979
980
981
982
983
984
985
986
987
988
989
990
991
992
993
995
997
998
1000
1002
1003
1005
1007
1013
1015
1018
1020
1023
1025
1028
1030
1047
1049
1052
1057
1062
1067
1072
1073
1074
1075
1076
1077
1078
1079
1080
1081
1082
1083
1084
1085
1086
1087
1088
1089
1090
1092
1093
1094
1095
1096
1097
1098
1099
1100
1101
1102
1103
1104
1105
1106
1107
1108
1109
1110
1111
1112
1113
1114
1116
1117
1118
1119
1120
1121
1122
1123
1124
1125
1126
1127
1128
1129
1130
1131
1132
1133
1134
1136
1137
1138
1139
1140
1141
1142
1143
1144
1145
1146
1147
1148
1149
1150
1151
1232
1233
1236
1237
1238
1240
1242
1243
1246
1247
1250
1251
1253
1254
1255
1258
1259
1260
1261
1263
1264
1265
1266
1268
1269
1270
1271
1274
1275
1276
1279
1280
1281
1284
1285
1287
1289
1290
1292
1296
1297
1301
1302
1307
1310
1312
1314
1317
1319
1322
1323
1324
1325
1326
1327
1328
1329
1330
1331
1332
1334
1337
1338
1339
1340
1342
1343
1344
1345
1346
1347
1348
1349
1350
1351
1352
1353
1354
1355
1357
1358
1359
1360
1362
1363
1364
1365
1368
1370
1371
1372
1373
1374
1375
1377
1378
1379
1380
1382
1383
1384
1385
1387
1388
1389
1390
1391
1392
1393
1394
1396
1397
1398
1399
1400
1401
1402
1403
1404
1405
1406
1407
1408
1409
1410
1411
1412
1413
1414
1415
1416
1417
1418
1419
1420
1421
1422
1423
1424
1425
1426
1427
1428
1429
1430
1431
1432
1433
1434
1435
1436
1437
1438
1439
1440
1441
1442
1443
1444
1445
1446
1447
1448
1449
1450
1451
1452
1453
1454
1455
1456
1457
1458
1459
1460
1461
1462
1463
1464
1465
1466
1467
1468
1469
1470
1471
1562
1563
1564
1565
1566
1567
1568
1569
1570
1571
1577
1578
1579
1580
1581
1582
1583
1584
1585
1586
1587
1588
1589
1590
1591
1592
1593
1594
1595
1596
1597
1598
1599
1600
1601
1602
1603
1604
1605
1606
1612
1613
1614
1615
1616
1617
1618
1619
1620
1621
1624
1625
1627
1628
1629
1630
1631
1717
1718
1719
1720
1721
1722
1723
1724
1725
1726
1727
1728
1729
1730
1731
1732
1733
1734
1735
1736
1737
1738
1739
1740
1741
1742
1743
1744
1745
1746
1747
1748
1749
1750
1751
1752
1753
1754
1755
1756
1757
1758
1759
1760
1761
1762
1763
1764
1765
1766
1767
1768
1769
1770
1771
1772
1773
1774
1775
1776
1777
1778
1779
1780
1781
1782
1783
1784
1785
1786
1787
1788
1789
1790
1791
1818
1819
1820
1824
1825
1827
1828
1830
1833
1834
1836
1839
1840
1843
1852
1853
1854
1855
1858
1860
1867
1868
1869
1870
1871
1872
1873
1874
1875
1876
1877
1878
1879
1880
1881
1882
1883
1884
1885
1886
1887
1888
1889
1890
1891
1893
1895
1897
1907
1917
1918
1919
1920
1923
1924
1925
1927
1928
1929
1930
1933
1934
1935
1936
1939
1940
1942
1943
1944
1948
1950
1952
1953
1954
1955
1958
1960
1967
1968
1969
1970
1971
1972
1973
1974
1975
1976
1977
1978
1979
1980
1981
1982
1983
1984
1985
1986
1987
1988
1989
1990
1991
2072
2073
2074
2076
2077
2078
2079
2080
2081
2082
2083
2084
2085
2086
2087
2088
2089
2090
2091
2092
2093
2094
2096
2097
2098
2099
2100
2101
2102
2103
2104
2105
2106
2107
2108
2109
2110
2111
2112
2113
2114
2116
2117
2118
2119
2120
2121
2122
2123
2124
2125
2126
2127
2128
2129
2130
2131
2132
2133
2134
2136
2137
2138
2139
2140
2141
2142
2143
2144
2145
2146
2147
2148
2149
2150
2151
2152
2153
2154
2155
2157
2158
2159
2160
2162
2163
2164
2165
2167
2168
2169
2170
2172
2173
2174
2175
2177
2178
2179
2180
2182
2183
2184
2185
2187
2188
2189
2190
2192
2193
2194
2195
2197
2198
2199
2200
2202
2203
2204
2205
2207
2208
2209
2210
2212
2213
2214
2215
2216
2217
2218
2219
2220
2221
2222
2223
2224
2225
2226
2227
2228
2229
2230
2231
2232
2233
2234
2235
2236
2237
2238
2239
2240
2241
2242
2243
2244
2245
2246
2247
2248
2249
2250
2251
2252
2253
2254
2255
2256
2257
2258
2259
2260
2261
2262
2263
2264
2265
2266
2267
2268
2269
2270
2271
2272
2273
2274
2275
2276
2277
2278
2279
2280
2281
2282
2283
2284
2285
2286
2287
2288
2289
2290
2291
2292
2293
2294
2295
2296
2297
2298
2299
2300
2301
2302
2303
2304
2305
2306
2307
2308
2309
2310
2311
2394
2395
2396
2399
2400
2404
2405
2406
2409
2410
2411
2414
2415
2419
2420
2421
2424
2425
2426
2429
2430
2431
2434
2435
2439
2440
2444
2445
2449
2450
2454
2455
2459
2460
2464
2465
2469
2470
2482
2483
2484
2485
2486
2487
2488
2489
2490
2491
2497
2498
2499
2500
2502
2503
2504
2505
2506
2507
2508
2509
2510
2512
2513
2514
2515
2516
2517
2518
2519
2520
2521
2522
2523
2524
2525
2526
2532
2533
2534
2535
2536
2537
2538
2539
2540
2541
2547
2548
2549
2550
2551
2554
2555
2556
2557
2558
2559
2560
2561
2562
2563
2564
2565
2566
2567
2568
2569
2570
2571
2572
2573
2574
2575
2576
2577
2578
2579
2580
2581
2582
2583
2584
2585
2586
2587
2588
2589
2590
2592
2593
2594
2595
2596
2597
2598
2599
2600
2601
2602
2603
2604
2605
2606
2607
2608
2609
2610
2611
2612
2613
2614
2615
2616
2617
2618
2619
2620
2621
2622
2623
2624
2625
2626
2627
2628
2629
2630
2631
2658
2660
2662
2667
2668
2669
2671
2672
2673
2675
2676
2678
2683
2684
2685
2689
2690
2694
2695
2699
2700
2707
2709
2710
2713
2714
2715
2717
2718
2719
2720
2721
2722
2723
2724
2725
2726
2731
2733
2757
2759
2763
2765
2767
2768
2769
2770
2771
2772
2773
2774
2775
2776
2782
2783
2784
2785
2786
2787
2788
2789
2790
2791
2792
2793
2794
2795
2796
2797
2798
2799
2800
2801
2802
2803
2804
2805
2807
2808
2809
2810
2811
2812
2813
2814
2815
2816
2817
2818
2819
2820
2821
2822
2823
2824
2825
2826
2827
2828
2829
2830
2831
3034
3035
3036
3037
3038
3040
3041
3042
3043
3044
3045
3046
3048
3049
3052
3053
3054
3055
3057
3058
3059
3060
3062
3063
3064
3072
3073
3075
3076
3077
3078
3079
3080
3081
3082
3084
3085
3086
3087
3088
3089
3090
3092
3093
3094
3095
3096
3097
3098
3099
3100
3101
3104
3105
3106
3107
3109
3110
3111
3112
3113
3114
3115
3116
3121
3122
3123
3124
3125
3127
3128
3129
3130
3131
3132
3133
3134
3136
3137
3138
3139
3140
3141
3142
3143
3144
3145
3146
3147
3148
3149
3150
3151
3152
3153
3154
3155
3156
3157
3160
3161
3162
3164
3165
3166
3168
3169
3171
3172
3173
3174
3175
3176
3179
3180
3181
3182
3183
3184
3185
3186
3187
3188
3189
3190
3191
3192
3193
3194
3195
3196
3198
3199
3200
3201
3202
3204
3205
3206
3207
3208
3209
3210
3211
3212
3213
3214
3215
3216
3217
3218
3219
3220
3221
3222
3223
3225
3228
3229
3230
3234
3235
3296
3297
3298
3299
3301
3302
3303
3304
3306
3307
3310
3312
3314
3315
3316
3317
3318
3319
3321
3322
3323
3324
3326
3327
3329
3332
3334
3336
3337
3338
3339
3340
3341
3342
3343
3344
3345
3346
3347
3348
3349
3350
3351
3352
3353
3354
3355
3380
3381
3382
3383
3384
3385
3386
3387
3388
3389
3390
3391
3392
3393
3394
3395
3396
3397
3398
3399
3400
3401
3402
3403
3428
3429
3430
3431
3432
3433
3434
3435
3436
3437
3438
3439
3440
3441
3442
3443
3444
3445
3446
3447
3448
3449
3450
3451
3464
3465
3466
3467
3472
3473
3474
3475
3479
3484
3523
3524
3525
3528
3529
3530
3533
3534
3540
3541
3542
3543
3544
3546
3547
3548
3549
3550
3551
3552
3553
3554
3555
3556
3557
3558
3559
3560
3561
3562
3563
3564
3565
3566
3567
3568
3569
3570
3571
3572
3573
3574
3575
3576
3577
3578
3579
3580
3581
3582
3583
3584
3585
3586
3587
3588
3589
3590
3591
3592
3593
3594
3595
3609
3611
3612
3613
3614
3615
3621
3622
3623
3625
