307
309
316
317
319
348
349
351
371
373
380
381
383
396
397
399
412
413
415
460
461
463
499
501
508
509
511
662
664
742
1083
1085
1103
1105
1108
1110
1111
1125
1145
1403
1423
1425
1428
1430
1449
1614
1615
1619
1620
1622
1624
1629
1630
1637
1652
1687
1702
1722
1723
1724
1725
1726
1727
1728
1729
1731
1742
1743
1744
1745
1746
1747
1748
1749
1750
1751
1772
1773
1774
1775
1776
1777
1778
1779
1780
1781
1787
1788
1789
1790
1791
1867
1868
1869
1870
1878
1879
1880
1917
1918
1919
1930
1942
1943
1954
2245
2250
2251
2265
2270
2271
2285
2290
2305
2397
2399
2412
2414
2447
2449
2462
2464
2542
2562
2563
2564
2565
2567
2568
2569
2570
2582
2583
2584
2585
2587
2588
2589
2590
2612
2613
2614
2615
2616
2617
2618
2619
2620
2621
2627
2628
2629
2630
2631
2707
2708
2709
2710
2717
2718
2720
2757
2758
2767
2768
2782
2783
2784
2785
3078
3080
3084
3085
3100
3101
3130
3132
3136
3137
3144
3145
3152
3153
3187
3188
3189
3190
3191
3192
3194
3228
3230
3234
3235
3392
3393
3399
3400
3401
3402
3428
3429
3430
3431
3432
3433
3434
3435
3436
3437
3438
3439
3440
3441
3442
3443
3444
3445
3446
3447
3448
3449
3450
3451
3571
3572
3573
3574
3576
3577
3578
3579
3581
3582
3583
3584
3585
3586
3587
3588
3589
3590
3591
3592
3593
3594
3595
