304
368
448
451
496
498
502
602
604
608
611
622
624
628
631
642
644
653
655
658
660
668
671
682
684
688
690
702
704
708
710
722
724
733
735
738
740
748
750
973
975
976
978
980
981
983
985
986
988
1032
1034
1037
1039
1042
1044
1053
1055
1058
1060
1063
1065
1272
1274
1277
1279
1282
1284
1293
1298
1303
1373
1375
1378
1380
1383
1385
1388
1390
1693
1695
1698
1700
2453
2455
2458
2460
2697
2699
2747
3074
3126
3170
3174
3224
3226
3227
3231
3232
3296
3298
3301
3303
3307
3309
3312
3314
3316
3318
3321
3323
3327
3329
3332
3334
3415
3417
3422
3426
3532
3534
3539
3544
