258
262
268
269
271
274
275
278
290
291
294
302
303
305
307
308
309
314
315
316
317
318
319
322
323
326
332
333
335
338
339
342
343
348
349
351
354
355
358
359
366
367
369
371
372
373
378
379
380
381
382
383
386
396
397
399
406
407
412
413
415
418
419
422
423
434
435
438
444
445
447
449
452
453
459
460
461
462
463
464
465
467
468
469
475
478
482
483
486
492
493
495
497
499
500
501
504
505
507
508
509
510
511
605
625
662
664
742
756
762
763
764
765
767
768
769
770
771
778
780
781
782
783
784
785
787
788
789
790
791
796
798
800
801
812
813
814
815
816
817
818
819
820
821
827
828
829
830
831
923
925
928
943
945
947
948
949
950
951
965
970
985
1072
1073
1074
1077
1078
1079
1080
1082
1083
1084
1085
1087
1088
1089
1090
1092
1093
1094
1095
1097
1098
1099
1100
1102
1103
1104
1105
1107
1108
1109
1110
1111
1112
1113
1114
1116
1117
1118
1119
1120
1121
1122
1123
1124
1125
1126
1127
1128
1129
1130
1131
1132
1133
1134
1136
1137
1138
1139
1140
1141
1142
1143
1144
1145
1146
1147
1148
1149
1150
1151
1289
1323
1325
1328
1330
1343
1345
1347
1348
1350
1392
1394
1396
1397
1398
1399
1402
1403
1404
1405
1406
1407
1408
1409
1410
1411
1412
1413
1414
1415
1417
1418
1419
1420
1421
1422
1423
1424
1425
1426
1427
1428
1429
1430
1431
1432
1433
1434
1435
1436
1437
1438
1439
1440
1441
1442
1443
1444
1445
1447
1448
1449
1450
1451
1452
1453
1454
1455
1456
1457
1458
1459
1460
1461
1462
1463
1464
1465
1467
1468
1469
1470
1471
1562
1563
1564
1565
1566
1567
1568
1569
1571
1582
1583
1584
1585
1586
1587
1588
1589
1590
1591
1612
1613
1614
1615
1616
1617
1618
1619
1620
1621
1622
1624
1627
1628
1629
1630
1631
1637
1652
1687
1702
1712
1713
1722
1723
1724
1725
1726
1727
1728
1729
1731
1737
1738
1739
1740
1741
1742
1743
1744
1745
1746
1747
1748
1749
1750
1751
1752
1753
1757
1758
1762
1763
1772
1773
1774
1775
1776
1777
1778
1779
1780
1781
1787
1788
1789
1790
1791
1818
1830
1843
1867
1868
1869
1870
1877
1878
1879
1880
1883
1886
1893
1917
1918
1919
1921
1922
1924
1926
1930
1936
1942
1943
1945
1946
1947
1949
1951
1954
1955
1986
2085
2087
2089
2090
2091
2105
2109
2110
2111
2125
2127
2129
2130
2145
2147
2149
2150
2212
2222
2227
2232
2233
2234
2237
2238
2239
2240
2242
2243
2244
2245
2247
2248
2249
2250
2251
2252
2253
2254
2257
2258
2259
2260
2262
2263
2264
2265
2267
2268
2269
2270
2271
2272
2273
2274
2276
2277
2278
2279
2280
2281
2282
2283
2284
2285
2286
2287
2288
2289
2290
2291
2292
2293
2294
2296
2297
2298
2299
2300
2301
2302
2303
2304
2305
2306
2307
2308
2309
2310
2311
2397
2399
2412
2414
2447
2449
2462
2464
2482
2483
2484
2485
2487
2488
2489
2490
2502
2503
2504
2505
2507
2508
2509
2510
2532
2533
2534
2535
2536
2537
2538
2539
2540
2541
2542
2547
2548
2549
2550
2551
2556
2560
2562
2563
2564
2565
2566
2567
2568
2569
2570
2571
2575
2577
2578
2579
2580
2581
2582
2583
2584
2585
2586
2587
2588
2589
2590
2596
2601
2606
2610
2612
2613
2614
2615
2616
2617
2618
2619
2620
2621
2627
2628
2629
2630
2631
2658
2672
2683
2707
2709
2717
2719
2725
2733
2757
2767
2782
2783
2784
2785
2808
2810
2811
2812
2814
2816
2818
2820
2821
2822
2824
2826
2827
2828
2829
2830
3034
3035
3040
3041
3042
3043
3052
3053
3054
3055
3058
3059
3060
3072
3073
3075
3078
3079
3080
3084
3085
3086
3087
3092
3093
3094
3095
3100
3101
3104
3105
3106
3107
3110
3111
3112
3113
3124
3125
3127
3130
3131
3132
3136
3137
3138
3144
3145
3147
3152
3153
3154
3155
3160
3161
3162
3165
3166
3168
3169
3171
3175
3176
3185
3186
3187
3188
3189
3190
3191
3192
3193
3194
3195
3196
3198
3199
3200
3210
3211
3218
3220
3221
3222
3223
3225
3228
3229
3230
3234
3235
3299
3304
3336
3337
3338
3339
3341
3342
3343
3344
3346
3347
3348
3349
3350
3351
3352
3353
3354
3355
3380
3381
3382
3383
3384
3385
3386
3387
3388
3389
3390
3391
3392
3393
3394
3395
3396
3397
3398
3399
3400
3401
3402
3403
3428
3429
3430
3431
3432
3433
3434
3435
3436
3437
3438
3439
3440
3441
3442
3443
3444
3445
3446
3447
3448
3449
3450
3451
3546
3547
3548
3549
3551
3552
3553
3554
3556
3557
3558
3559
3560
3561
3562
3563
3564
3565
3566
3567
3568
3569
3570
3571
3572
3573
3574
3575
3576
3577
3578
3579
3580
3581
3582
3583
3584
3585
3586
3587
3588
3589
3590
3591
3592
3593
3594
3595
3615
