65
66
67
68
69
70
72
73
74
75
76
77
78
79
80
81
82
83
84
85
86
87
88
89
90
91
92
93
94
95
98
99
101
102
103
104
105
106
108
109
110
111
113
114
115
116
117
118
120
121
122
123
124
125
126
127
148
149
152
154
155
156
157
160
161
163
168
169
171
174
176
183
188
189
190
191
192
193
194
195
196
197
198
199
200
201
202
203
204
205
206
207
228
229
230
232
233
234
235
236
237
238
239
240
241
242
243
244
245
246
247
268
269
270
272
273
274
275
276
277
278
279
280
281
282
283
284
285
286
287
310
311
312
315
316
317
320
321
325
326
328
329
330
331
333
334
335
336
338
339
340
341
343
344
345
346
347
348
349
350
351
352
353
354
355
356
357
358
359
360
361
362
363
364
365
366
367
400
401
402
403
404
405
406
407
408
409
410
411
412
413
414
415
416
417
418
419
421
422
423
424
425
426
427
428
430
431
